2 1 1
30 1 1
1 2 1
3 2 1
7 2 1
9 2 1
10 2 1
13 2 1
36 2 1
40 2 1
2 3 1
6 4 1
6 5 1
4 6 1
5 6 1
7 6 1
8 6 1
21 6 1
41 6 1
2 7 1
6 7 1
8 7 1
9 7 1
6 8 1
7 8 1
21 8 1
2 9 1
7 9 1
10 9 1
15 9 1
2 10 1
9 10 1
11 10 1
12 10 1
13 10 1
14 10 1
30 10 1
10 11 1
12 11 1
30 11 1
32 11 1
33 11 1
10 12 1
11 12 1
14 12 1
30 12 1
31 12 1
35 12 1
36 12 1
2 13 1
10 13 1
14 13 1
10 14 1
12 14 1
13 14 1
15 14 1
17 14 1
31 14 1
35 14 1
36 14 1
9 15 1
14 15 1
16 15 1
15 16 1
21 16 1
22 16 1
23 16 1
14 17 1
59 17 1
36 20 1
6 21 1
8 21 1
16 21 1
41 21 1
42 21 1
16 22 1
23 22 1
24 22 1
42 22 1
16 23 1
22 23 1
24 23 1
22 24 1
23 24 1
26 24 1
43 25 1
24 26 1
28 27 1
40 27 1
79 27 1
27 28 1
40 28 1
33 29 1
188 29 1
528 29 1
531 29 1
1 30 1
10 30 1
11 30 1
12 30 1
32 30 1
33 30 1
37 30 1
12 31 1
14 31 1
32 31 1
35 31 1
36 31 1
11 32 1
30 32 1
31 32 1
33 32 1
34 32 1
35 32 1
36 32 1
11 33 1
29 33 1
30 33 1
32 33 1
34 33 1
35 33 1
37 33 1
40 33 1
188 33 1
189 33 1
528 33 1
531 33 1
535 33 1
687 33 1
32 34 1
33 34 1
35 34 1
37 34 1
38 34 1
39 34 1
188 34 1
189 34 1
531 34 1
535 34 1
12 35 1
14 35 1
31 35 1
32 35 1
33 35 1
34 35 1
36 35 1
37 35 1
2 36 1
12 36 1
14 36 1
20 36 1
31 36 1
32 36 1
35 36 1
30 37 1
33 37 1
34 37 1
35 37 1
38 37 1
39 37 1
78 37 1
189 37 1
190 37 1
191 37 1
34 38 1
37 38 1
39 38 1
190 38 1
191 38 1
34 39 1
37 39 1
38 39 1
40 39 1
78 39 1
2 40 1
27 40 1
28 40 1
33 40 1
39 40 1
6 41 1
21 41 1
42 41 1
46 41 1
21 42 1
22 42 1
41 42 1
43 42 1
44 42 1
46 42 1
25 43 1
42 43 1
44 43 1
55 43 1
42 44 1
43 44 1
55 44 1
64 44 1
70 44 1
71 44 1
77 44 1
70 45 1
41 46 1
42 46 1
47 46 1
46 47 1
51 48 1
50 49 1
49 50 1
54 50 1
109 50 1
48 51 1
52 51 1
144 51 1
51 52 1
123 52 1
144 52 1
54 53 1
58 53 1
118 53 1
119 53 1
122 53 1
50 54 1
53 54 1
56 54 1
57 54 1
109 54 1
114 54 1
43 55 1
44 55 1
70 55 1
71 55 1
54 56 1
57 56 1
71 56 1
76 56 1
54 57 1
56 57 1
58 57 1
129 57 1
130 57 1
53 58 1
57 58 1
17 59 1
61 60 1
63 60 1
60 61 1
62 61 1
80 61 1
90 61 1
61 62 1
80 62 1
60 63 1
65 63 1
80 63 1
44 64 1
63 65 1
69 65 1
70 65 1
67 66 1
68 66 1
90 66 1
66 67 1
91 67 1
66 68 1
69 68 1
72 68 1
65 69 1
68 69 1
70 69 1
72 69 1
44 70 1
45 70 1
55 70 1
65 70 1
69 70 1
71 70 1
77 70 1
44 71 1
55 71 1
56 71 1
70 71 1
72 71 1
73 71 1
76 71 1
77 71 1
68 72 1
69 72 1
71 72 1
73 72 1
71 73 1
72 73 1
75 73 1
131 73 1
132 74 1
73 75 1
76 75 1
77 75 1
130 75 1
56 76 1
71 76 1
75 76 1
77 76 1
44 77 1
70 77 1
71 77 1
75 77 1
76 77 1
37 78 1
39 78 1
79 78 1
83 78 1
84 78 1
190 78 1
27 79 1
78 79 1
61 80 1
62 80 1
63 80 1
90 80 1
83 82 1
87 82 1
78 83 1
82 83 1
84 83 1
86 83 1
87 83 1
78 84 1
83 84 1
86 85 1
96 85 1
97 85 1
191 85 1
83 86 1
85 86 1
87 86 1
95 86 1
96 86 1
82 87 1
83 87 1
86 87 1
88 87 1
95 87 1
87 88 1
89 88 1
93 88 1
95 88 1
88 89 1
90 89 1
92 89 1
93 89 1
61 90 1
66 90 1
80 90 1
89 90 1
93 90 1
67 91 1
93 91 1
89 92 1
93 92 1
94 92 1
102 92 1
88 93 1
89 93 1
90 93 1
91 93 1
92 93 1
92 94 1
100 94 1
86 95 1
87 95 1
88 95 1
96 95 1
97 95 1
100 95 1
85 96 1
86 96 1
95 96 1
97 96 1
99 96 1
85 97 1
95 97 1
96 97 1
99 97 1
100 97 1
106 97 1
194 97 1
99 98 1
108 98 1
116 98 1
96 99 1
97 99 1
98 99 1
103 99 1
106 99 1
94 100 1
95 100 1
97 100 1
101 100 1
100 101 1
102 101 1
105 101 1
92 102 1
101 102 1
99 103 1
104 103 1
111 103 1
132 103 1
103 104 1
110 104 1
132 104 1
101 105 1
109 105 1
110 105 1
97 106 1
99 106 1
107 106 1
109 106 1
106 107 1
108 107 1
109 107 1
614 107 1
98 108 1
107 108 1
111 108 1
115 108 1
116 108 1
195 108 1
50 109 1
54 109 1
105 109 1
106 109 1
107 109 1
110 109 1
114 109 1
104 110 1
105 110 1
109 110 1
132 110 1
103 111 1
108 111 1
115 111 1
132 111 1
119 112 1
120 112 1
133 112 1
139 112 1
119 113 1
132 113 1
133 113 1
54 114 1
109 114 1
118 114 1
609 114 1
613 114 1
614 114 1
108 115 1
111 115 1
116 115 1
117 115 1
118 115 1
196 115 1
98 116 1
108 116 1
115 116 1
117 116 1
125 116 1
140 116 1
166 116 1
195 116 1
196 116 1
197 116 1
115 117 1
116 117 1
118 117 1
124 117 1
622 117 1
53 118 1
114 118 1
115 118 1
117 118 1
613 118 1
618 118 1
53 119 1
112 119 1
113 119 1
120 119 1
122 119 1
613 119 1
619 119 1
112 120 1
119 120 1
121 120 1
133 120 1
140 120 1
120 121 1
125 121 1
126 121 1
140 121 1
53 122 1
119 122 1
140 122 1
52 123 1
140 123 1
117 124 1
125 124 1
127 124 1
186 124 1
187 124 1
623 124 1
685 124 1
116 125 1
121 125 1
124 125 1
186 125 1
187 125 1
195 125 1
196 125 1
197 125 1
622 125 1
685 125 1
121 126 1
127 126 1
140 126 1
167 126 1
124 127 1
126 127 1
168 127 1
129 128 1
130 128 1
136 128 1
57 129 1
128 129 1
136 129 1
57 130 1
75 130 1
128 130 1
136 130 1
73 131 1
74 132 1
103 132 1
104 132 1
110 132 1
111 132 1
113 132 1
112 133 1
113 133 1
120 133 1
134 133 1
136 133 1
138 133 1
133 134 1
135 134 1
137 134 1
138 134 1
139 134 1
134 135 1
137 135 1
138 135 1
128 136 1
129 136 1
130 136 1
133 136 1
137 136 1
151 136 1
152 136 1
134 137 1
135 137 1
136 137 1
138 137 1
139 137 1
151 137 1
152 137 1
157 137 1
158 137 1
133 138 1
134 138 1
135 138 1
137 138 1
139 138 1
165 138 1
169 138 1
292 138 1
293 138 1
112 139 1
134 139 1
137 139 1
138 139 1
140 139 1
158 139 1
165 139 1
166 139 1
116 140 1
120 140 1
121 140 1
122 140 1
123 140 1
126 140 1
139 140 1
166 140 1
167 140 1
142 141 1
144 141 1
141 142 1
144 142 1
211 142 1
213 142 1
144 143 1
211 143 1
51 144 1
52 144 1
141 144 1
142 144 1
143 144 1
211 144 1
252 144 1
146 145 1
145 146 1
148 146 1
148 147 1
153 147 1
217 147 1
218 147 1
146 148 1
147 148 1
152 148 1
153 148 1
154 148 1
150 149 1
151 149 1
149 150 1
152 150 1
157 150 1
136 151 1
137 151 1
149 151 1
136 152 1
137 152 1
148 152 1
150 152 1
157 152 1
147 153 1
148 153 1
154 153 1
156 153 1
157 153 1
212 153 1
217 153 1
218 153 1
219 153 1
148 154 1
153 154 1
155 154 1
156 154 1
157 154 1
161 154 1
217 154 1
218 154 1
219 154 1
223 154 1
154 155 1
156 155 1
159 155 1
160 155 1
161 155 1
218 155 1
222 155 1
224 155 1
153 156 1
154 156 1
155 156 1
157 156 1
159 156 1
137 157 1
150 157 1
152 157 1
153 157 1
154 157 1
156 157 1
222 157 1
137 158 1
139 158 1
159 158 1
165 158 1
218 158 1
219 158 1
222 158 1
155 159 1
156 159 1
158 159 1
160 159 1
155 160 1
159 160 1
161 160 1
163 160 1
164 160 1
165 160 1
166 160 1
154 161 1
155 161 1
160 161 1
163 161 1
166 161 1
169 161 1
222 161 1
223 161 1
163 162 1
169 162 1
170 162 1
223 162 1
224 162 1
231 162 1
234 162 1
160 163 1
161 163 1
162 163 1
164 163 1
166 163 1
169 163 1
160 164 1
163 164 1
165 164 1
138 165 1
139 165 1
158 165 1
160 165 1
164 165 1
166 165 1
116 166 1
139 166 1
140 166 1
160 166 1
161 166 1
163 166 1
165 166 1
167 166 1
169 166 1
126 167 1
140 167 1
166 167 1
168 167 1
127 168 1
167 168 1
138 169 1
161 169 1
162 169 1
163 169 1
166 169 1
170 169 1
230 169 1
162 170 1
169 170 1
171 170 1
173 170 1
170 171 1
172 171 1
173 171 1
234 171 1
171 172 1
173 172 1
176 172 1
238 172 1
170 173 1
171 173 1
172 173 1
176 175 1
180 175 1
172 176 1
175 176 1
179 176 1
238 176 1
178 177 1
187 177 1
177 178 1
179 178 1
180 178 1
186 178 1
176 179 1
178 179 1
180 179 1
181 179 1
182 179 1
240 179 1
175 180 1
178 180 1
179 180 1
181 180 1
182 180 1
184 180 1
179 181 1
180 181 1
182 181 1
239 181 1
240 181 1
313 181 1
179 182 1
180 182 1
181 182 1
183 182 1
184 182 1
202 182 1
263 182 1
313 182 1
316 182 1
182 183 1
184 183 1
202 183 1
316 183 1
317 183 1
180 184 1
182 184 1
183 184 1
185 184 1
186 184 1
184 185 1
186 185 1
124 186 1
125 186 1
178 186 1
184 186 1
185 186 1
187 186 1
197 186 1
199 186 1
686 186 1
124 187 1
125 187 1
177 187 1
186 187 1
685 187 1
686 187 1
29 188 1
33 188 1
34 188 1
189 188 1
531 188 1
532 188 1
535 188 1
564 188 1
687 188 1
33 189 1
34 189 1
37 189 1
188 189 1
190 189 1
535 189 1
687 189 1
37 190 1
38 190 1
78 190 1
189 190 1
191 190 1
193 190 1
37 191 1
38 191 1
85 191 1
190 191 1
193 191 1
690 191 1
193 192 1
190 193 1
191 193 1
192 193 1
97 194 1
692 194 1
693 194 1
108 195 1
116 195 1
125 195 1
196 195 1
208 195 1
694 195 1
115 196 1
116 196 1
125 196 1
195 196 1
197 196 1
198 196 1
199 196 1
200 196 1
201 196 1
697 196 1
116 197 1
125 197 1
186 197 1
196 197 1
198 197 1
196 198 1
197 198 1
199 198 1
200 198 1
186 199 1
196 199 1
198 199 1
201 199 1
196 200 1
198 200 1
201 200 1
202 200 1
204 200 1
205 200 1
206 200 1
207 200 1
322 200 1
698 200 1
699 200 1
701 200 1
703 200 1
898 200 1
907 200 1
908 200 1
196 201 1
199 201 1
200 201 1
202 201 1
203 201 1
204 201 1
701 201 1
182 202 1
183 202 1
200 202 1
201 202 1
317 202 1
201 203 1
205 203 1
206 203 1
317 203 1
319 203 1
320 203 1
200 204 1
201 204 1
205 204 1
206 204 1
703 204 1
200 205 1
203 205 1
204 205 1
206 205 1
207 205 1
702 205 1
703 205 1
907 205 1
908 205 1
911 205 1
200 206 1
203 206 1
204 206 1
205 206 1
207 206 1
208 206 1
319 206 1
320 206 1
321 206 1
703 206 1
705 206 1
706 206 1
907 206 1
911 206 1
913 206 1
200 207 1
205 207 1
206 207 1
208 207 1
209 207 1
321 207 1
322 207 1
705 207 1
706 207 1
911 207 1
913 207 1
195 208 1
206 208 1
207 208 1
706 208 1
911 208 1
913 208 1
207 209 1
346 209 1
383 209 1
384 209 1
386 210 1
412 210 1
142 211 1
143 211 1
144 211 1
212 211 1
213 211 1
215 211 1
217 211 1
153 212 1
211 212 1
215 212 1
142 213 1
211 213 1
214 213 1
213 214 1
215 214 1
241 214 1
242 214 1
246 214 1
248 214 1
474 214 1
211 215 1
212 215 1
214 215 1
244 215 1
245 215 1
246 215 1
247 215 1
219 216 1
147 217 1
153 217 1
154 217 1
211 217 1
218 217 1
219 217 1
221 217 1
147 218 1
153 218 1
154 218 1
155 218 1
158 218 1
217 218 1
219 218 1
223 218 1
153 219 1
154 219 1
158 219 1
216 219 1
217 219 1
218 219 1
220 219 1
221 219 1
222 219 1
219 220 1
221 220 1
222 220 1
246 220 1
253 220 1
217 221 1
219 221 1
220 221 1
222 221 1
228 221 1
246 221 1
253 221 1
155 222 1
157 222 1
158 222 1
161 222 1
219 222 1
220 222 1
221 222 1
223 222 1
246 222 1
253 222 1
154 223 1
161 223 1
162 223 1
218 223 1
222 223 1
155 224 1
162 224 1
225 224 1
229 224 1
224 225 1
226 225 1
227 225 1
228 225 1
229 225 1
253 225 1
259 225 1
225 226 1
227 226 1
228 226 1
231 226 1
225 227 1
226 227 1
228 227 1
230 227 1
231 227 1
259 227 1
260 227 1
266 227 1
221 228 1
225 228 1
226 228 1
227 228 1
229 228 1
231 228 1
259 228 1
224 229 1
225 229 1
228 229 1
230 229 1
231 229 1
169 230 1
227 230 1
229 230 1
231 230 1
162 231 1
226 231 1
227 231 1
228 231 1
229 231 1
230 231 1
259 231 1
260 231 1
233 232 1
232 233 1
234 233 1
235 233 1
162 234 1
171 234 1
233 234 1
233 235 1
237 236 1
239 236 1
262 236 1
236 237 1
172 238 1
176 238 1
181 239 1
236 239 1
261 239 1
262 239 1
263 239 1
264 239 1
265 239 1
313 239 1
179 240 1
181 240 1
313 240 1
214 241 1
243 241 1
244 241 1
214 242 1
243 242 1
244 242 1
469 242 1
241 243 1
242 243 1
244 243 1
249 243 1
469 243 1
215 244 1
241 244 1
242 244 1
243 244 1
245 244 1
248 244 1
252 244 1
215 245 1
244 245 1
246 245 1
247 245 1
248 245 1
252 245 1
253 245 1
214 246 1
215 246 1
220 246 1
221 246 1
222 246 1
245 246 1
247 246 1
248 246 1
253 246 1
215 247 1
245 247 1
246 247 1
248 247 1
214 248 1
244 248 1
245 248 1
246 248 1
247 248 1
249 248 1
252 248 1
253 248 1
243 249 1
248 249 1
250 249 1
251 249 1
249 250 1
256 250 1
466 250 1
468 250 1
249 251 1
256 251 1
307 251 1
462 251 1
144 252 1
244 252 1
245 252 1
248 252 1
253 252 1
255 252 1
220 253 1
221 253 1
222 253 1
225 253 1
245 253 1
246 253 1
248 253 1
252 253 1
254 253 1
259 253 1
253 254 1
255 254 1
257 254 1
259 254 1
252 255 1
254 255 1
256 255 1
257 255 1
258 255 1
250 256 1
251 256 1
255 256 1
257 256 1
308 256 1
466 256 1
254 257 1
255 257 1
256 257 1
258 257 1
307 257 1
255 258 1
257 258 1
266 258 1
267 258 1
288 258 1
225 259 1
227 259 1
228 259 1
231 259 1
253 259 1
254 259 1
260 259 1
266 259 1
227 260 1
231 260 1
259 260 1
266 260 1
239 261 1
264 261 1
265 261 1
266 261 1
236 262 1
239 262 1
264 262 1
182 263 1
239 263 1
264 263 1
270 263 1
313 263 1
314 263 1
316 263 1
239 264 1
261 264 1
262 264 1
263 264 1
239 265 1
261 265 1
266 265 1
227 266 1
258 266 1
259 266 1
260 266 1
261 266 1
265 266 1
267 266 1
272 266 1
287 266 1
288 266 1
258 267 1
266 267 1
268 267 1
272 267 1
288 267 1
267 268 1
269 268 1
272 268 1
288 268 1
268 269 1
263 270 1
274 270 1
312 270 1
273 271 1
274 271 1
266 272 1
267 272 1
268 272 1
273 272 1
288 272 1
271 273 1
272 273 1
274 273 1
275 273 1
276 273 1
277 273 1
291 273 1
270 274 1
271 274 1
273 274 1
275 274 1
276 274 1
312 274 1
273 275 1
274 275 1
276 275 1
280 275 1
312 275 1
326 275 1
273 276 1
274 276 1
275 276 1
277 276 1
298 276 1
300 276 1
273 277 1
276 277 1
291 277 1
293 277 1
294 277 1
279 278 1
280 278 1
282 278 1
294 278 1
278 279 1
280 279 1
275 280 1
278 280 1
279 280 1
326 280 1
327 280 1
335 280 1
282 281 1
284 281 1
285 281 1
286 281 1
298 281 1
299 281 1
327 281 1
357 281 1
369 281 1
278 282 1
281 282 1
283 282 1
284 282 1
285 282 1
298 282 1
299 282 1
282 283 1
284 283 1
294 283 1
296 283 1
297 283 1
300 283 1
281 284 1
282 284 1
283 284 1
285 284 1
297 284 1
298 284 1
299 284 1
300 284 1
281 285 1
282 285 1
284 285 1
286 285 1
298 285 1
369 285 1
281 286 1
285 286 1
298 286 1
357 286 1
266 287 1
289 287 1
306 287 1
258 288 1
266 288 1
267 288 1
268 288 1
272 288 1
291 288 1
287 289 1
290 289 1
306 289 1
289 290 1
292 290 1
306 290 1
273 291 1
277 291 1
288 291 1
292 291 1
293 291 1
294 291 1
138 292 1
290 292 1
291 292 1
293 292 1
295 292 1
296 292 1
305 292 1
306 292 1
309 292 1
138 293 1
277 293 1
291 293 1
292 293 1
294 293 1
296 293 1
277 294 1
278 294 1
283 294 1
291 294 1
293 294 1
296 294 1
292 295 1
296 295 1
301 295 1
305 295 1
283 296 1
292 296 1
293 296 1
294 296 1
295 296 1
297 296 1
298 296 1
300 296 1
301 296 1
305 296 1
283 297 1
284 297 1
296 297 1
298 297 1
300 297 1
276 298 1
281 298 1
282 298 1
284 298 1
285 298 1
286 298 1
296 298 1
297 298 1
300 298 1
281 299 1
282 299 1
284 299 1
300 299 1
302 299 1
364 299 1
366 299 1
370 299 1
276 300 1
283 300 1
284 300 1
296 300 1
297 300 1
298 300 1
299 300 1
302 300 1
295 301 1
296 301 1
302 301 1
303 301 1
305 301 1
299 302 1
300 302 1
301 302 1
303 302 1
304 302 1
369 302 1
370 302 1
301 303 1
302 303 1
305 303 1
311 303 1
370 303 1
371 303 1
442 303 1
302 304 1
305 304 1
309 304 1
310 304 1
292 305 1
295 305 1
296 305 1
301 305 1
303 305 1
304 305 1
307 305 1
309 305 1
310 305 1
287 306 1
289 306 1
290 306 1
292 306 1
309 306 1
426 306 1
251 307 1
257 307 1
305 307 1
308 307 1
444 307 1
466 307 1
256 308 1
307 308 1
310 308 1
442 308 1
444 308 1
461 308 1
462 308 1
463 308 1
466 308 1
292 309 1
304 309 1
305 309 1
306 309 1
310 309 1
442 309 1
304 310 1
305 310 1
308 310 1
309 310 1
311 310 1
442 310 1
303 311 1
310 311 1
371 311 1
373 311 1
442 311 1
444 311 1
270 312 1
274 312 1
275 312 1
315 312 1
325 312 1
813 312 1
181 313 1
182 313 1
239 313 1
240 313 1
263 313 1
314 313 1
316 313 1
812 313 1
263 314 1
313 314 1
315 314 1
316 314 1
312 315 1
314 315 1
317 315 1
318 315 1
325 315 1
182 316 1
183 316 1
263 316 1
313 316 1
314 316 1
317 316 1
183 317 1
202 317 1
203 317 1
315 317 1
316 317 1
318 317 1
315 318 1
317 318 1
319 318 1
320 318 1
323 318 1
325 318 1
330 318 1
203 319 1
206 319 1
318 319 1
320 319 1
322 319 1
323 319 1
203 320 1
206 320 1
318 320 1
319 320 1
321 320 1
322 320 1
323 320 1
325 320 1
330 320 1
334 320 1
206 321 1
207 321 1
320 321 1
322 321 1
330 321 1
333 321 1
334 321 1
344 321 1
706 321 1
819 321 1
823 321 1
831 321 1
912 321 1
200 322 1
207 322 1
319 322 1
320 322 1
321 322 1
324 322 1
330 322 1
333 322 1
334 322 1
820 322 1
318 323 1
319 323 1
320 323 1
324 323 1
325 323 1
326 323 1
329 323 1
330 323 1
334 323 1
322 324 1
323 324 1
325 324 1
326 324 1
329 324 1
330 324 1
821 324 1
822 324 1
312 325 1
315 325 1
318 325 1
320 325 1
323 325 1
324 325 1
326 325 1
275 326 1
280 326 1
323 326 1
324 326 1
325 326 1
328 326 1
329 326 1
280 327 1
281 327 1
328 327 1
329 327 1
335 327 1
326 328 1
327 328 1
329 328 1
330 328 1
332 328 1
323 329 1
324 329 1
326 329 1
327 329 1
328 329 1
330 329 1
331 329 1
332 329 1
318 330 1
320 330 1
321 330 1
322 330 1
323 330 1
324 330 1
328 330 1
329 330 1
331 330 1
332 330 1
333 330 1
334 330 1
823 330 1
824 330 1
831 330 1
329 331 1
330 331 1
332 331 1
346 331 1
347 331 1
348 331 1
328 332 1
329 332 1
330 332 1
331 332 1
336 332 1
341 332 1
342 332 1
347 332 1
321 333 1
322 333 1
330 333 1
334 333 1
345 333 1
347 333 1
383 333 1
384 333 1
387 333 1
320 334 1
321 334 1
322 334 1
323 334 1
330 334 1
333 334 1
819 334 1
831 334 1
280 335 1
327 335 1
336 335 1
340 335 1
341 335 1
342 335 1
332 336 1
335 336 1
340 336 1
341 336 1
342 336 1
339 337 1
350 337 1
350 338 1
337 339 1
340 339 1
349 339 1
350 339 1
375 339 1
852 339 1
335 340 1
336 340 1
339 340 1
341 340 1
342 340 1
332 341 1
335 341 1
336 341 1
340 341 1
342 341 1
348 341 1
349 341 1
332 342 1
335 342 1
336 342 1
340 342 1
341 342 1
346 342 1
347 342 1
350 343 1
375 343 1
377 343 1
378 343 1
321 344 1
384 344 1
387 344 1
831 344 1
848 344 1
876 344 1
333 345 1
346 345 1
348 345 1
378 345 1
384 345 1
848 345 1
852 345 1
876 345 1
209 346 1
331 346 1
342 346 1
345 346 1
347 346 1
331 347 1
332 347 1
333 347 1
342 347 1
346 347 1
331 348 1
341 348 1
345 348 1
349 348 1
384 348 1
824 348 1
840 348 1
339 349 1
341 349 1
348 349 1
378 349 1
840 349 1
852 349 1
337 350 1
338 350 1
339 350 1
343 350 1
357 350 1
375 350 1
378 350 1
356 351 1
351 356 1
357 356 1
281 357 1
286 357 1
350 357 1
356 357 1
358 357 1
368 357 1
357 358 1
365 359 1
366 359 1
367 359 1
368 359 1
369 359 1
299 364 1
371 364 1
372 364 1
373 364 1
393 364 1
425 364 1
426 364 1
359 365 1
299 366 1
359 366 1
367 366 1
368 366 1
369 366 1
370 366 1
371 366 1
372 366 1
359 367 1
366 367 1
368 367 1
369 367 1
370 367 1
357 368 1
359 368 1
366 368 1
367 368 1
369 368 1
281 369 1
285 369 1
302 369 1
359 369 1
366 369 1
367 369 1
368 369 1
370 369 1
299 370 1
302 370 1
303 370 1
366 370 1
367 370 1
369 370 1
371 370 1
372 370 1
393 370 1
303 371 1
311 371 1
364 371 1
366 371 1
370 371 1
372 371 1
442 371 1
364 372 1
366 372 1
370 372 1
371 372 1
373 372 1
425 372 1
426 372 1
311 373 1
364 373 1
372 373 1
399 373 1
426 373 1
442 373 1
339 375 1
343 375 1
350 375 1
854 375 1
343 377 1
343 378 1
345 378 1
349 378 1
350 378 1
379 378 1
382 378 1
383 378 1
840 378 1
852 378 1
378 379 1
382 379 1
390 380 1
389 381 1
396 381 1
402 381 1
378 382 1
379 382 1
396 382 1
209 383 1
333 383 1
378 383 1
384 383 1
385 383 1
387 383 1
388 383 1
209 384 1
333 384 1
344 384 1
345 384 1
348 384 1
383 384 1
387 384 1
388 384 1
848 384 1
852 384 1
853 384 1
876 384 1
383 385 1
210 386 1
333 387 1
344 387 1
383 387 1
384 387 1
383 388 1
384 388 1
381 389 1
396 389 1
380 390 1
395 390 1
364 393 1
370 393 1
399 394 1
425 394 1
390 395 1
381 396 1
382 396 1
389 396 1
402 396 1
373 399 1
394 399 1
400 399 1
425 399 1
428 399 1
399 400 1
404 401 1
413 401 1
381 402 1
396 402 1
404 403 1
406 403 1
407 403 1
401 404 1
403 404 1
405 404 1
406 404 1
404 405 1
403 406 1
404 406 1
407 406 1
403 407 1
406 407 1
210 412 1
401 413 1
481 416 1
364 425 1
372 425 1
394 425 1
399 425 1
426 425 1
427 425 1
443 425 1
306 426 1
364 426 1
372 426 1
373 426 1
425 426 1
427 426 1
431 426 1
443 426 1
425 427 1
426 427 1
428 427 1
399 428 1
427 428 1
433 428 1
447 428 1
430 429 1
443 429 1
429 430 1
431 430 1
432 430 1
447 430 1
426 431 1
430 431 1
432 431 1
433 431 1
434 431 1
435 431 1
447 431 1
448 431 1
449 431 1
430 432 1
431 432 1
433 432 1
434 432 1
447 432 1
448 432 1
449 432 1
450 432 1
428 433 1
431 433 1
432 433 1
435 433 1
448 433 1
449 433 1
431 434 1
432 434 1
431 435 1
433 435 1
303 442 1
308 442 1
309 442 1
310 442 1
311 442 1
371 442 1
373 442 1
444 442 1
425 443 1
426 443 1
429 443 1
444 443 1
461 443 1
307 444 1
308 444 1
311 444 1
442 444 1
443 444 1
461 444 1
450 445 1
461 445 1
464 445 1
464 446 1
471 446 1
473 446 1
428 447 1
430 447 1
431 447 1
432 447 1
448 447 1
449 447 1
450 447 1
431 448 1
432 448 1
433 448 1
447 448 1
449 448 1
450 448 1
431 449 1
432 449 1
433 449 1
447 449 1
448 449 1
450 449 1
453 449 1
432 450 1
445 450 1
447 450 1
448 450 1
449 450 1
451 450 1
453 450 1
464 450 1
450 451 1
464 451 1
478 451 1
454 452 1
457 452 1
478 452 1
479 452 1
449 453 1
450 453 1
454 453 1
456 453 1
477 453 1
452 454 1
453 454 1
456 454 1
456 455 1
457 455 1
453 456 1
454 456 1
455 456 1
457 456 1
488 456 1
452 457 1
455 457 1
456 457 1
484 457 1
485 457 1
308 461 1
443 461 1
444 461 1
445 461 1
463 461 1
466 461 1
251 462 1
308 462 1
463 462 1
466 462 1
467 462 1
308 463 1
461 463 1
462 463 1
464 463 1
465 463 1
466 463 1
467 463 1
470 463 1
471 463 1
445 464 1
446 464 1
450 464 1
451 464 1
463 464 1
465 464 1
478 464 1
463 465 1
464 465 1
470 465 1
472 465 1
473 465 1
478 465 1
250 466 1
256 466 1
307 466 1
308 466 1
461 466 1
462 466 1
463 466 1
467 466 1
468 466 1
462 467 1
463 467 1
466 467 1
468 467 1
470 467 1
471 467 1
250 468 1
466 468 1
467 468 1
469 468 1
470 468 1
475 468 1
242 469 1
243 469 1
468 469 1
463 470 1
465 470 1
467 470 1
468 470 1
471 470 1
472 470 1
473 470 1
475 470 1
446 471 1
463 471 1
467 471 1
470 471 1
475 471 1
465 472 1
470 472 1
473 472 1
474 472 1
446 473 1
465 473 1
470 473 1
472 473 1
477 473 1
478 473 1
214 474 1
472 474 1
475 474 1
476 474 1
468 475 1
470 475 1
471 475 1
474 475 1
476 475 1
495 475 1
496 475 1
497 475 1
474 476 1
475 476 1
477 476 1
495 476 1
496 476 1
453 477 1
473 477 1
476 477 1
479 477 1
483 477 1
495 477 1
451 478 1
452 478 1
464 478 1
465 478 1
473 478 1
479 478 1
452 479 1
477 479 1
478 479 1
480 479 1
484 479 1
487 479 1
495 479 1
496 479 1
479 480 1
484 480 1
498 480 1
416 481 1
482 481 1
481 482 1
488 482 1
477 483 1
484 483 1
486 483 1
457 484 1
479 484 1
480 484 1
483 484 1
486 484 1
487 484 1
488 484 1
489 484 1
457 485 1
486 485 1
489 485 1
483 486 1
484 486 1
485 486 1
489 486 1
479 487 1
484 487 1
488 487 1
489 487 1
456 488 1
482 488 1
484 488 1
487 488 1
489 488 1
492 488 1
484 489 1
485 489 1
486 489 1
487 489 1
488 489 1
491 489 1
492 489 1
491 490 1
493 490 1
494 490 1
489 491 1
490 491 1
492 491 1
493 491 1
488 492 1
489 492 1
491 492 1
493 492 1
490 493 1
491 493 1
492 493 1
494 493 1
490 494 1
493 494 1
475 495 1
476 495 1
477 495 1
479 495 1
496 495 1
475 496 1
476 496 1
479 496 1
495 496 1
497 496 1
475 497 1
496 497 1
498 497 1
480 498 1
497 498 1
547 501 1
510 502 1
511 502 1
512 502 1
520 502 1
540 502 1
541 502 1
512 503 1
510 504 1
510 505 1
508 506 1
508 507 1
513 507 1
515 507 1
517 507 1
518 507 1
529 507 1
506 508 1
507 508 1
513 508 1
517 508 1
528 508 1
529 508 1
530 508 1
533 508 1
510 509 1
502 510 1
504 510 1
505 510 1
509 510 1
511 510 1
519 510 1
502 511 1
510 511 1
512 511 1
520 511 1
502 512 1
503 512 1
511 512 1
519 512 1
507 513 1
508 513 1
514 513 1
517 513 1
530 513 1
533 513 1
534 513 1
513 514 1
517 514 1
518 514 1
533 514 1
534 514 1
507 515 1
519 515 1
507 517 1
508 517 1
513 517 1
514 517 1
518 517 1
519 517 1
533 517 1
534 517 1
507 518 1
514 518 1
517 518 1
519 518 1
534 518 1
510 519 1
512 519 1
515 519 1
517 519 1
518 519 1
502 520 1
511 520 1
521 520 1
541 520 1
520 521 1
541 521 1
560 523 1
560 525 1
527 526 1
534 526 1
526 527 1
558 527 1
29 528 1
33 528 1
508 528 1
530 528 1
531 528 1
507 529 1
508 529 1
530 529 1
688 529 1
508 530 1
513 530 1
528 530 1
529 530 1
531 530 1
533 530 1
535 530 1
29 531 1
33 531 1
34 531 1
188 531 1
528 531 1
530 531 1
532 531 1
535 531 1
564 531 1
687 531 1
688 531 1
188 532 1
531 532 1
535 532 1
536 532 1
537 532 1
687 532 1
688 532 1
689 532 1
508 533 1
513 533 1
514 533 1
517 533 1
530 533 1
534 533 1
535 533 1
513 534 1
514 534 1
517 534 1
518 534 1
526 534 1
533 534 1
33 535 1
34 535 1
188 535 1
189 535 1
530 535 1
531 535 1
532 535 1
533 535 1
536 535 1
539 535 1
687 535 1
688 535 1
532 536 1
535 536 1
539 536 1
688 536 1
532 537 1
535 539 1
536 539 1
582 539 1
502 540 1
541 540 1
544 540 1
547 540 1
502 541 1
520 541 1
521 541 1
540 541 1
542 541 1
544 541 1
541 542 1
543 542 1
544 542 1
555 542 1
567 542 1
575 542 1
542 543 1
545 543 1
554 543 1
574 543 1
575 543 1
540 544 1
541 544 1
542 544 1
545 544 1
543 545 1
544 545 1
548 545 1
553 545 1
554 545 1
574 545 1
575 545 1
501 547 1
540 547 1
545 548 1
550 548 1
553 548 1
554 548 1
550 549 1
548 550 1
549 550 1
551 550 1
550 551 1
552 551 1
614 551 1
551 552 1
614 552 1
619 552 1
620 552 1
641 552 1
545 553 1
548 553 1
554 553 1
555 553 1
557 553 1
614 553 1
618 553 1
543 554 1
545 554 1
548 554 1
553 554 1
542 555 1
553 555 1
556 555 1
574 555 1
555 556 1
576 556 1
631 556 1
968 556 1
553 557 1
639 557 1
645 557 1
527 558 1
559 558 1
561 558 1
562 558 1
558 559 1
523 560 1
525 560 1
561 560 1
558 561 1
560 561 1
558 562 1
586 563 1
592 563 1
188 564 1
531 564 1
568 564 1
567 565 1
542 567 1
565 567 1
564 568 1
573 568 1
570 569 1
573 569 1
569 570 1
571 570 1
593 570 1
570 571 1
595 571 1
573 572 1
578 572 1
579 572 1
568 573 1
569 573 1
572 573 1
543 574 1
545 574 1
555 574 1
575 574 1
576 574 1
542 575 1
543 575 1
545 575 1
574 575 1
576 575 1
577 575 1
556 576 1
574 576 1
575 576 1
577 576 1
575 577 1
576 577 1
578 577 1
630 577 1
572 578 1
577 578 1
630 578 1
572 579 1
626 579 1
627 579 1
581 580 1
582 580 1
583 580 1
585 580 1
580 581 1
585 581 1
587 581 1
539 582 1
580 582 1
583 582 1
584 582 1
587 582 1
580 583 1
582 583 1
584 583 1
689 583 1
690 583 1
582 584 1
583 584 1
587 584 1
590 584 1
591 584 1
580 585 1
581 585 1
587 585 1
563 586 1
591 586 1
592 586 1
581 587 1
582 587 1
584 587 1
585 587 1
591 587 1
590 588 1
590 589 1
598 589 1
691 589 1
584 590 1
588 590 1
589 590 1
596 590 1
597 590 1
598 590 1
584 591 1
586 591 1
587 591 1
592 591 1
596 591 1
563 592 1
586 592 1
591 592 1
593 592 1
596 592 1
570 593 1
592 593 1
594 593 1
595 593 1
593 594 1
605 594 1
571 595 1
593 595 1
604 595 1
590 596 1
591 596 1
592 596 1
597 596 1
590 597 1
596 597 1
603 597 1
589 598 1
590 598 1
599 598 1
601 598 1
602 598 1
598 599 1
601 599 1
601 600 1
610 600 1
693 600 1
694 600 1
598 601 1
599 601 1
600 601 1
606 601 1
609 601 1
610 601 1
598 602 1
603 602 1
608 602 1
597 603 1
602 603 1
608 603 1
595 604 1
605 604 1
607 604 1
594 605 1
604 605 1
606 605 1
601 606 1
605 606 1
626 606 1
604 607 1
602 608 1
603 608 1
609 608 1
614 608 1
615 608 1
114 609 1
601 609 1
608 609 1
610 609 1
611 609 1
613 609 1
614 609 1
600 610 1
601 610 1
609 610 1
611 610 1
612 610 1
613 610 1
624 610 1
609 611 1
610 611 1
612 611 1
624 611 1
695 611 1
610 612 1
611 612 1
613 612 1
622 612 1
623 612 1
624 612 1
114 613 1
118 613 1
119 613 1
609 613 1
610 613 1
612 613 1
614 613 1
622 613 1
107 614 1
114 614 1
551 614 1
552 614 1
553 614 1
608 614 1
609 614 1
613 614 1
608 615 1
616 615 1
618 615 1
626 615 1
615 616 1
618 616 1
626 616 1
629 616 1
634 616 1
637 616 1
620 617 1
621 617 1
638 617 1
668 617 1
118 618 1
553 618 1
615 618 1
616 618 1
620 618 1
668 618 1
119 619 1
552 619 1
622 619 1
552 620 1
617 620 1
618 620 1
621 620 1
638 620 1
641 620 1
644 620 1
617 621 1
620 621 1
625 621 1
660 621 1
668 621 1
117 622 1
125 622 1
612 622 1
613 622 1
619 622 1
124 623 1
612 623 1
624 623 1
685 623 1
610 624 1
611 624 1
612 624 1
623 624 1
660 624 1
668 624 1
685 624 1
686 624 1
695 624 1
696 624 1
697 624 1
621 625 1
668 625 1
579 626 1
606 626 1
615 626 1
616 626 1
627 626 1
629 626 1
579 627 1
626 627 1
630 627 1
632 627 1
629 628 1
632 628 1
633 628 1
635 628 1
636 628 1
616 629 1
626 629 1
628 629 1
634 629 1
637 629 1
577 630 1
578 630 1
627 630 1
632 630 1
646 630 1
556 631 1
645 631 1
627 632 1
628 632 1
630 632 1
633 632 1
646 632 1
628 633 1
632 633 1
636 633 1
646 633 1
651 633 1
616 634 1
629 634 1
637 634 1
638 634 1
628 635 1
636 635 1
637 635 1
638 635 1
652 635 1
662 635 1
628 636 1
633 636 1
635 636 1
646 636 1
616 637 1
629 637 1
634 637 1
635 637 1
638 637 1
652 637 1
659 637 1
661 637 1
617 638 1
620 638 1
634 638 1
635 638 1
637 638 1
658 638 1
661 638 1
557 639 1
640 639 1
710 639 1
639 640 1
641 640 1
552 641 1
620 641 1
640 641 1
751 641 1
753 641 1
710 642 1
711 642 1
714 642 1
981 642 1
644 643 1
645 643 1
647 643 1
715 643 1
716 643 1
717 643 1
718 643 1
719 643 1
722 643 1
725 643 1
620 644 1
643 644 1
645 644 1
646 644 1
715 644 1
557 645 1
631 645 1
643 645 1
644 645 1
646 645 1
715 645 1
630 646 1
632 646 1
633 646 1
636 646 1
644 646 1
645 646 1
651 646 1
643 647 1
648 647 1
649 647 1
650 647 1
651 647 1
654 647 1
647 648 1
649 648 1
650 648 1
716 648 1
717 648 1
718 648 1
719 648 1
647 649 1
648 649 1
654 649 1
715 649 1
717 649 1
718 649 1
719 649 1
723 649 1
647 650 1
648 650 1
651 650 1
654 650 1
716 650 1
717 650 1
633 651 1
646 651 1
647 651 1
650 651 1
652 651 1
635 652 1
637 652 1
651 652 1
654 652 1
658 652 1
659 652 1
658 653 1
659 653 1
661 653 1
647 654 1
649 654 1
650 654 1
652 654 1
655 654 1
719 654 1
723 654 1
654 655 1
656 655 1
657 655 1
661 655 1
718 655 1
719 655 1
722 655 1
723 655 1
725 655 1
655 656 1
657 656 1
662 656 1
663 656 1
664 656 1
724 656 1
726 656 1
730 656 1
655 657 1
656 657 1
658 657 1
663 657 1
723 657 1
638 658 1
652 658 1
653 658 1
657 658 1
661 658 1
662 658 1
637 659 1
652 659 1
653 659 1
660 659 1
661 659 1
662 659 1
621 660 1
624 660 1
659 660 1
661 660 1
668 660 1
637 661 1
638 661 1
653 661 1
655 661 1
658 661 1
659 661 1
660 661 1
662 661 1
667 661 1
635 662 1
656 662 1
658 662 1
659 662 1
661 662 1
663 662 1
667 662 1
656 663 1
657 663 1
662 663 1
664 663 1
667 663 1
724 663 1
726 663 1
730 663 1
656 664 1
663 664 1
666 664 1
731 664 1
670 665 1
671 665 1
672 665 1
737 665 1
664 666 1
667 666 1
736 666 1
661 667 1
662 667 1
663 667 1
666 667 1
668 667 1
617 668 1
618 668 1
621 668 1
624 668 1
625 668 1
660 668 1
667 668 1
669 668 1
671 668 1
668 669 1
665 670 1
671 670 1
672 670 1
673 670 1
737 670 1
665 671 1
668 671 1
670 671 1
672 671 1
673 671 1
674 671 1
737 671 1
665 672 1
670 672 1
671 672 1
673 672 1
737 672 1
739 672 1
670 673 1
671 673 1
672 673 1
671 674 1
676 675 1
679 675 1
675 676 1
677 676 1
679 676 1
739 676 1
676 677 1
678 677 1
681 677 1
739 677 1
740 677 1
812 677 1
677 678 1
679 678 1
680 678 1
681 678 1
683 678 1
812 678 1
816 678 1
675 679 1
676 679 1
678 679 1
682 679 1
685 679 1
739 679 1
678 680 1
681 680 1
683 680 1
812 680 1
816 680 1
677 681 1
678 681 1
680 681 1
682 681 1
683 681 1
816 681 1
679 682 1
681 682 1
683 682 1
684 682 1
685 682 1
700 682 1
815 682 1
678 683 1
680 683 1
681 683 1
682 683 1
684 683 1
685 683 1
702 683 1
682 684 1
683 684 1
685 684 1
696 684 1
700 684 1
124 685 1
125 685 1
187 685 1
623 685 1
624 685 1
679 685 1
682 685 1
683 685 1
684 685 1
686 685 1
696 685 1
697 685 1
698 685 1
700 685 1
186 686 1
187 686 1
624 686 1
685 686 1
33 687 1
188 687 1
189 687 1
531 687 1
532 687 1
535 687 1
688 687 1
689 687 1
529 688 1
531 688 1
532 688 1
535 688 1
536 688 1
687 688 1
689 688 1
532 689 1
583 689 1
687 689 1
688 689 1
690 689 1
191 690 1
583 690 1
689 690 1
691 690 1
589 691 1
690 691 1
194 692 1
819 692 1
194 693 1
600 693 1
694 693 1
695 693 1
195 694 1
600 694 1
693 694 1
611 695 1
624 695 1
693 695 1
696 695 1
697 695 1
624 696 1
684 696 1
685 696 1
695 696 1
697 696 1
700 696 1
196 697 1
624 697 1
685 697 1
695 697 1
696 697 1
698 697 1
200 698 1
685 698 1
697 698 1
699 698 1
702 698 1
704 698 1
706 698 1
896 698 1
898 698 1
200 699 1
698 699 1
700 699 1
701 699 1
702 699 1
703 699 1
704 699 1
682 700 1
684 700 1
685 700 1
696 700 1
699 700 1
702 700 1
815 700 1
200 701 1
201 701 1
699 701 1
702 701 1
898 701 1
205 702 1
683 702 1
698 702 1
699 702 1
700 702 1
701 702 1
703 702 1
704 702 1
815 702 1
817 702 1
200 703 1
204 703 1
205 703 1
206 703 1
699 703 1
702 703 1
704 703 1
705 703 1
819 703 1
903 703 1
907 703 1
911 703 1
698 704 1
699 704 1
702 704 1
703 704 1
705 704 1
815 704 1
817 704 1
818 704 1
821 704 1
907 704 1
911 704 1
206 705 1
207 705 1
703 705 1
704 705 1
706 705 1
818 705 1
907 705 1
911 705 1
913 705 1
206 706 1
207 706 1
208 706 1
321 706 1
698 706 1
705 706 1
707 706 1
819 706 1
824 706 1
911 706 1
913 706 1
706 707 1
832 707 1
833 707 1
833 708 1
889 708 1
639 710 1
642 710 1
711 710 1
642 711 1
710 711 1
712 711 1
741 711 1
711 712 1
713 712 1
714 712 1
741 712 1
742 712 1
712 713 1
714 713 1
720 713 1
746 713 1
747 713 1
976 713 1
642 714 1
712 714 1
713 714 1
747 714 1
643 715 1
644 715 1
645 715 1
649 715 1
643 716 1
648 716 1
650 716 1
718 716 1
720 716 1
643 717 1
648 717 1
649 717 1
650 717 1
718 717 1
719 717 1
720 717 1
643 718 1
648 718 1
649 718 1
655 718 1
716 718 1
717 718 1
719 718 1
643 719 1
648 719 1
649 719 1
654 719 1
655 719 1
717 719 1
718 719 1
720 719 1
721 719 1
722 719 1
723 719 1
713 720 1
716 720 1
717 720 1
719 720 1
747 720 1
753 720 1
719 721 1
722 721 1
723 721 1
753 721 1
756 721 1
643 722 1
655 722 1
719 722 1
721 722 1
723 722 1
725 722 1
649 723 1
654 723 1
655 723 1
657 723 1
719 723 1
721 723 1
722 723 1
724 723 1
725 723 1
656 724 1
663 724 1
723 724 1
726 724 1
728 724 1
730 724 1
643 725 1
655 725 1
722 725 1
723 725 1
726 725 1
727 725 1
728 725 1
656 726 1
663 726 1
724 726 1
725 726 1
730 726 1
725 727 1
728 727 1
730 727 1
724 728 1
725 728 1
727 728 1
731 728 1
755 728 1
756 728 1
730 729 1
731 729 1
732 729 1
734 729 1
754 729 1
755 729 1
756 729 1
757 729 1
656 730 1
663 730 1
724 730 1
726 730 1
727 730 1
729 730 1
733 730 1
756 730 1
664 731 1
728 731 1
729 731 1
754 731 1
729 732 1
733 732 1
736 732 1
730 733 1
732 733 1
734 733 1
735 733 1
736 733 1
729 734 1
733 734 1
736 734 1
757 734 1
758 734 1
733 735 1
738 735 1
757 735 1
758 735 1
759 735 1
666 736 1
732 736 1
733 736 1
734 736 1
665 737 1
670 737 1
671 737 1
672 737 1
738 737 1
735 738 1
737 738 1
672 739 1
676 739 1
677 739 1
679 739 1
740 739 1
677 740 1
739 740 1
760 740 1
761 740 1
812 740 1
711 741 1
712 741 1
742 741 1
745 741 1
712 742 1
741 742 1
745 742 1
1000 742 1
746 743 1
975 743 1
1000 743 1
746 744 1
748 744 1
749 744 1
750 744 1
970 744 1
971 744 1
741 745 1
742 745 1
746 745 1
747 745 1
713 746 1
743 746 1
744 746 1
745 746 1
747 746 1
713 747 1
714 747 1
720 747 1
745 747 1
746 747 1
748 747 1
752 747 1
744 748 1
747 748 1
749 748 1
751 748 1
752 748 1
784 748 1
786 748 1
744 749 1
748 749 1
750 749 1
751 749 1
752 749 1
784 749 1
970 749 1
744 750 1
749 750 1
751 750 1
807 750 1
808 750 1
809 750 1
951 750 1
963 750 1
964 750 1
970 750 1
971 750 1
641 751 1
748 751 1
749 751 1
750 751 1
752 751 1
784 751 1
785 751 1
786 751 1
747 752 1
748 752 1
749 752 1
751 752 1
753 752 1
756 752 1
641 753 1
720 753 1
721 753 1
752 753 1
754 753 1
729 754 1
731 754 1
753 754 1
755 754 1
756 754 1
728 755 1
729 755 1
754 755 1
756 755 1
757 755 1
763 755 1
764 755 1
721 756 1
728 756 1
729 756 1
730 756 1
752 756 1
754 756 1
755 756 1
729 757 1
734 757 1
735 757 1
755 757 1
758 757 1
763 757 1
765 757 1
734 758 1
735 758 1
757 758 1
761 758 1
766 758 1
735 759 1
760 759 1
761 759 1
812 759 1
740 760 1
759 760 1
761 760 1
767 760 1
812 760 1
814 760 1
740 761 1
758 761 1
759 761 1
760 761 1
762 761 1
767 761 1
761 762 1
766 762 1
769 762 1
770 762 1
755 763 1
757 763 1
764 763 1
765 763 1
766 763 1
788 763 1
755 764 1
763 764 1
786 764 1
787 764 1
788 764 1
757 765 1
763 765 1
766 765 1
770 765 1
787 765 1
788 765 1
790 765 1
758 766 1
762 766 1
763 766 1
765 766 1
770 766 1
787 766 1
788 766 1
760 767 1
761 767 1
768 767 1
769 767 1
813 767 1
814 767 1
767 768 1
769 768 1
778 768 1
813 768 1
814 768 1
762 769 1
767 769 1
768 769 1
770 769 1
773 769 1
762 770 1
765 770 1
766 770 1
769 770 1
771 770 1
788 770 1
791 770 1
770 771 1
772 771 1
773 771 1
775 771 1
788 771 1
771 772 1
773 772 1
774 772 1
769 773 1
771 773 1
772 773 1
774 773 1
775 773 1
778 773 1
822 773 1
772 774 1
773 774 1
778 774 1
771 775 1
773 775 1
776 775 1
775 776 1
777 776 1
778 776 1
791 776 1
793 776 1
794 776 1
795 776 1
776 777 1
779 777 1
795 777 1
768 778 1
773 778 1
774 778 1
776 778 1
825 778 1
826 778 1
777 779 1
780 779 1
783 779 1
796 779 1
797 779 1
798 779 1
779 780 1
781 780 1
782 780 1
783 780 1
795 780 1
796 780 1
798 780 1
836 780 1
780 781 1
782 781 1
795 781 1
796 781 1
797 781 1
780 782 1
781 782 1
783 782 1
796 782 1
866 782 1
779 783 1
780 783 1
782 783 1
839 783 1
841 783 1
866 783 1
748 784 1
749 784 1
751 784 1
785 784 1
786 784 1
808 784 1
809 784 1
810 784 1
751 785 1
784 785 1
786 785 1
787 785 1
788 785 1
789 785 1
807 785 1
748 786 1
751 786 1
764 786 1
784 786 1
785 786 1
764 787 1
765 787 1
766 787 1
785 787 1
788 787 1
789 787 1
763 788 1
764 788 1
765 788 1
766 788 1
770 788 1
771 788 1
785 788 1
787 788 1
789 788 1
790 788 1
785 789 1
787 789 1
788 789 1
807 789 1
808 789 1
765 790 1
788 790 1
791 790 1
792 790 1
793 790 1
807 790 1
770 791 1
776 791 1
790 791 1
793 791 1
790 792 1
793 792 1
794 792 1
805 792 1
807 792 1
776 793 1
790 793 1
791 793 1
792 793 1
794 793 1
805 793 1
776 794 1
792 794 1
793 794 1
795 794 1
799 794 1
776 795 1
777 795 1
780 795 1
781 795 1
794 795 1
797 795 1
799 795 1
779 796 1
780 796 1
781 796 1
782 796 1
797 796 1
798 796 1
867 796 1
779 797 1
781 797 1
795 797 1
796 797 1
799 797 1
779 798 1
780 798 1
796 798 1
866 798 1
867 798 1
794 799 1
795 799 1
797 799 1
800 799 1
802 799 1
804 799 1
805 799 1
927 799 1
944 799 1
945 799 1
946 799 1
799 800 1
801 800 1
871 800 1
927 800 1
945 800 1
800 801 1
802 801 1
803 801 1
804 801 1
811 801 1
871 801 1
873 801 1
924 801 1
927 801 1
943 801 1
945 801 1
799 802 1
801 802 1
803 802 1
804 802 1
811 802 1
943 802 1
945 802 1
801 803 1
802 803 1
809 803 1
811 803 1
943 803 1
799 804 1
801 804 1
802 804 1
805 804 1
810 804 1
811 804 1
792 805 1
793 805 1
799 805 1
804 805 1
806 805 1
807 805 1
810 805 1
811 805 1
944 805 1
946 805 1
805 806 1
807 806 1
750 807 1
785 807 1
789 807 1
790 807 1
792 807 1
805 807 1
806 807 1
808 807 1
810 807 1
750 808 1
784 808 1
789 808 1
807 808 1
809 808 1
810 808 1
750 809 1
784 809 1
803 809 1
808 809 1
810 809 1
944 809 1
970 809 1
971 809 1
784 810 1
804 810 1
805 810 1
807 810 1
808 810 1
809 810 1
811 810 1
944 810 1
945 810 1
801 811 1
802 811 1
803 811 1
804 811 1
805 811 1
810 811 1
943 811 1
944 811 1
945 811 1
964 811 1
313 812 1
677 812 1
678 812 1
680 812 1
740 812 1
759 812 1
760 812 1
816 812 1
312 813 1
767 813 1
768 813 1
814 813 1
816 813 1
760 814 1
767 814 1
768 814 1
813 814 1
815 814 1
821 814 1
682 815 1
700 815 1
702 815 1
704 815 1
814 815 1
816 815 1
817 815 1
818 815 1
820 815 1
821 815 1
823 815 1
678 816 1
680 816 1
681 816 1
812 816 1
813 816 1
815 816 1
702 817 1
704 817 1
815 817 1
818 817 1
704 818 1
705 818 1
815 818 1
817 818 1
820 818 1
321 819 1
334 819 1
692 819 1
703 819 1
706 819 1
830 819 1
831 819 1
832 819 1
833 819 1
322 820 1
815 820 1
818 820 1
821 820 1
823 820 1
324 821 1
704 821 1
814 821 1
815 821 1
820 821 1
822 821 1
324 822 1
773 822 1
821 822 1
823 822 1
825 822 1
321 823 1
330 823 1
815 823 1
820 823 1
822 823 1
824 823 1
831 823 1
330 824 1
348 824 1
706 824 1
823 824 1
828 824 1
830 824 1
831 824 1
837 824 1
840 824 1
852 824 1
853 824 1
778 825 1
822 825 1
826 825 1
828 825 1
778 826 1
825 826 1
827 826 1
828 826 1
836 826 1
839 826 1
840 826 1
826 827 1
828 827 1
836 827 1
839 827 1
824 828 1
825 828 1
826 828 1
827 828 1
829 828 1
830 828 1
835 828 1
836 828 1
839 828 1
828 829 1
830 829 1
834 829 1
835 829 1
839 829 1
819 830 1
824 830 1
828 830 1
829 830 1
831 830 1
833 830 1
835 830 1
321 831 1
330 831 1
334 831 1
344 831 1
819 831 1
823 831 1
824 831 1
830 831 1
832 831 1
837 831 1
852 831 1
853 831 1
883 831 1
707 832 1
819 832 1
831 832 1
833 832 1
707 833 1
708 833 1
819 833 1
830 833 1
832 833 1
829 834 1
850 834 1
828 835 1
829 835 1
830 835 1
837 835 1
839 835 1
849 835 1
850 835 1
851 835 1
780 836 1
826 836 1
827 836 1
828 836 1
838 836 1
839 836 1
841 836 1
824 837 1
831 837 1
835 837 1
840 837 1
851 837 1
852 837 1
853 837 1
836 838 1
840 838 1
841 838 1
842 838 1
843 838 1
853 838 1
783 839 1
826 839 1
827 839 1
828 839 1
829 839 1
835 839 1
836 839 1
841 839 1
348 840 1
349 840 1
378 840 1
824 840 1
826 840 1
837 840 1
838 840 1
843 840 1
851 840 1
852 840 1
853 840 1
783 841 1
836 841 1
838 841 1
839 841 1
842 841 1
843 841 1
844 841 1
854 841 1
838 842 1
841 842 1
843 842 1
844 842 1
846 842 1
854 842 1
860 842 1
864 842 1
838 843 1
840 843 1
841 843 1
842 843 1
844 843 1
852 843 1
841 844 1
842 844 1
843 844 1
846 844 1
848 844 1
853 844 1
854 844 1
842 846 1
844 846 1
847 846 1
848 846 1
854 846 1
877 846 1
846 847 1
848 847 1
852 847 1
853 847 1
876 847 1
344 848 1
345 848 1
384 848 1
844 848 1
846 848 1
847 848 1
849 848 1
853 848 1
876 848 1
884 848 1
835 849 1
848 849 1
851 849 1
884 849 1
885 849 1
834 850 1
835 850 1
851 850 1
881 850 1
887 850 1
889 850 1
835 851 1
837 851 1
840 851 1
849 851 1
850 851 1
885 851 1
887 851 1
339 852 1
345 852 1
349 852 1
378 852 1
384 852 1
824 852 1
831 852 1
837 852 1
840 852 1
843 852 1
847 852 1
853 852 1
876 852 1
883 852 1
884 852 1
384 853 1
824 853 1
831 853 1
837 853 1
838 853 1
840 853 1
844 853 1
847 853 1
848 853 1
852 853 1
854 853 1
876 853 1
883 853 1
884 853 1
375 854 1
841 854 1
842 854 1
844 854 1
846 854 1
853 854 1
864 854 1
861 858 1
842 860 1
861 860 1
858 861 1
860 861 1
862 861 1
861 862 1
866 862 1
867 862 1
868 862 1
870 862 1
872 862 1
842 864 1
854 864 1
782 866 1
783 866 1
798 866 1
862 866 1
796 867 1
798 867 1
862 867 1
868 867 1
870 867 1
871 867 1
872 867 1
862 868 1
867 868 1
870 868 1
873 869 1
862 870 1
867 870 1
868 870 1
800 871 1
801 871 1
867 871 1
872 871 1
873 871 1
895 871 1
924 871 1
862 872 1
867 872 1
871 872 1
873 872 1
801 873 1
869 873 1
871 873 1
872 873 1
895 873 1
896 873 1
924 873 1
344 876 1
345 876 1
384 876 1
847 876 1
848 876 1
852 876 1
853 876 1
883 876 1
884 876 1
846 877 1
882 879 1
881 880 1
850 881 1
880 881 1
882 881 1
879 882 1
881 882 1
885 882 1
887 882 1
890 882 1
898 882 1
831 883 1
852 883 1
853 883 1
876 883 1
885 883 1
848 884 1
849 884 1
852 884 1
853 884 1
876 884 1
885 884 1
849 885 1
851 885 1
882 885 1
883 885 1
884 885 1
888 886 1
850 887 1
851 887 1
882 887 1
888 887 1
889 887 1
886 888 1
887 888 1
708 889 1
850 889 1
887 889 1
890 889 1
882 890 1
889 890 1
871 895 1
873 895 1
924 895 1
698 896 1
873 896 1
897 896 1
945 896 1
896 897 1
900 897 1
200 898 1
698 898 1
701 898 1
882 898 1
899 898 1
902 898 1
898 899 1
897 900 1
963 901 1
968 901 1
898 902 1
903 902 1
703 903 1
902 903 1
200 907 1
205 907 1
206 907 1
703 907 1
704 907 1
705 907 1
200 908 1
205 908 1
205 911 1
206 911 1
207 911 1
208 911 1
703 911 1
704 911 1
705 911 1
706 911 1
321 912 1
206 913 1
207 913 1
208 913 1
705 913 1
706 913 1
801 924 1
871 924 1
873 924 1
895 924 1
927 924 1
943 924 1
945 924 1
927 925 1
964 925 1
968 925 1
927 926 1
964 926 1
799 927 1
800 927 1
801 927 1
924 927 1
925 927 1
926 927 1
945 927 1
948 928 1
932 930 1
965 930 1
968 930 1
932 931 1
963 931 1
964 931 1
968 931 1
930 932 1
931 932 1
933 932 1
951 932 1
965 932 1
932 933 1
934 933 1
933 934 1
801 943 1
802 943 1
803 943 1
811 943 1
924 943 1
944 943 1
945 943 1
799 944 1
805 944 1
809 944 1
810 944 1
811 944 1
943 944 1
945 944 1
946 944 1
964 944 1
799 945 1
800 945 1
801 945 1
802 945 1
810 945 1
811 945 1
896 945 1
924 945 1
927 945 1
943 945 1
944 945 1
799 946 1
805 946 1
944 946 1
948 946 1
964 946 1
948 947 1
965 947 1
928 948 1
946 948 1
947 948 1
965 948 1
951 949 1
965 949 1
951 950 1
953 950 1
750 951 1
932 951 1
949 951 1
950 951 1
952 951 1
953 951 1
955 951 1
965 951 1
951 952 1
955 952 1
956 952 1
950 953 1
951 953 1
954 953 1
955 953 1
953 954 1
955 954 1
951 955 1
952 955 1
953 955 1
954 955 1
956 955 1
957 955 1
969 955 1
952 956 1
955 956 1
957 956 1
959 956 1
960 956 1
990 956 1
955 957 1
956 957 1
958 957 1
959 957 1
960 957 1
985 957 1
957 958 1
956 959 1
957 959 1
960 959 1
990 959 1
956 960 1
957 960 1
959 960 1
750 963 1
901 963 1
931 963 1
964 963 1
966 963 1
968 963 1
971 963 1
973 963 1
977 963 1
750 964 1
811 964 1
925 964 1
926 964 1
931 964 1
944 964 1
946 964 1
963 964 1
966 964 1
968 964 1
971 964 1
930 965 1
932 965 1
947 965 1
948 965 1
949 965 1
951 965 1
968 965 1
969 965 1
963 966 1
964 966 1
967 966 1
968 966 1
970 966 1
971 966 1
972 966 1
973 966 1
975 966 1
976 966 1
977 966 1
966 967 1
968 967 1
971 967 1
974 967 1
975 967 1
977 967 1
978 967 1
983 967 1
984 967 1
556 968 1
901 968 1
925 968 1
930 968 1
931 968 1
963 968 1
964 968 1
965 968 1
966 968 1
967 968 1
969 968 1
976 968 1
955 969 1
965 969 1
968 969 1
974 969 1
984 969 1
744 970 1
749 970 1
750 970 1
809 970 1
966 970 1
971 970 1
972 970 1
973 970 1
975 970 1
744 971 1
750 971 1
809 971 1
963 971 1
964 971 1
966 971 1
967 971 1
970 971 1
966 972 1
970 972 1
973 972 1
975 972 1
963 973 1
966 973 1
970 973 1
972 973 1
999 973 1
967 974 1
969 974 1
975 974 1
976 974 1
998 974 1
743 975 1
966 975 1
967 975 1
970 975 1
972 975 1
974 975 1
976 975 1
977 975 1
978 975 1
979 975 1
984 975 1
998 975 1
999 975 1
713 976 1
966 976 1
968 976 1
974 976 1
975 976 1
977 976 1
978 976 1
979 976 1
981 976 1
982 976 1
983 976 1
984 976 1
998 976 1
963 977 1
966 977 1
967 977 1
975 977 1
976 977 1
984 977 1
967 978 1
975 978 1
976 978 1
979 978 1
982 978 1
983 978 1
984 978 1
975 979 1
976 979 1
978 979 1
981 979 1
982 979 1
983 979 1
984 979 1
998 979 1
642 981 1
976 981 1
979 981 1
982 981 1
983 981 1
986 981 1
988 981 1
992 981 1
998 981 1
976 982 1
978 982 1
979 982 1
981 982 1
986 982 1
990 982 1
991 982 1
998 982 1
967 983 1
976 983 1
978 983 1
979 983 1
981 983 1
985 983 1
967 984 1
969 984 1
975 984 1
976 984 1
977 984 1
978 984 1
979 984 1
957 985 1
983 985 1
981 986 1
982 986 1
988 986 1
989 986 1
990 986 1
992 986 1
988 987 1
992 987 1
993 987 1
981 988 1
986 988 1
987 988 1
989 988 1
990 988 1
992 988 1
993 988 1
986 989 1
988 989 1
990 989 1
992 989 1
956 990 1
959 990 1
982 990 1
986 990 1
988 990 1
989 990 1
991 990 1
992 990 1
982 991 1
990 991 1
992 991 1
995 991 1
981 992 1
986 992 1
987 992 1
988 992 1
989 992 1
990 992 1
991 992 1
995 992 1
987 993 1
988 993 1
994 993 1
993 994 1
991 995 1
992 995 1
996 995 1
995 996 1
974 998 1
975 998 1
976 998 1
979 998 1
981 998 1
982 998 1
999 998 1
1000 998 1
973 999 1
975 999 1
998 999 1
742 1000 1
743 1000 1
998 1000 1